,Unnamed: 0,day,date,new_confirmed_cases,new_deaths,new_recoveries,cumulative_cases,currently_infected,delta,pred,
0,0.0,0.0,2020-01-22,1.0,0.0,0.0,1.0,1.0,0.0,,
1,1.0,1.0,2020-01-23,0.0,0.0,0.0,1.0,1.0,0.0,,
2,2.0,2.0,2020-01-24,1.0,0.0,0.0,2.0,2.0,0.0,,
3,3.0,3.0,2020-01-25,0.0,0.0,0.0,2.0,2.0,0.0,,
4,4.0,4.0,2020-01-26,3.0,0.0,0.0,5.0,5.0,0.0,,
5,5.0,5.0,2020-01-27,0.0,0.0,0.0,5.0,5.0,0.0,,
6,6.0,6.0,2020-01-28,0.0,0.0,0.0,5.0,5.0,0.0,,
7,7.0,7.0,2020-01-29,0.0,0.0,0.0,5.0,5.0,0.0,,
8,8.0,8.0,2020-01-30,0.0,0.0,0.0,5.0,5.0,0.0,,
9,9.0,9.0,2020-01-31,1.0,0.0,0.0,6.0,6.0,0.0,,
10,10.0,10.0,2020-02-01,2.0,0.0,0.0,8.0,8.0,0.0,,
11,11.0,11.0,2020-02-02,0.0,0.0,0.0,8.0,8.0,0.0,,
12,12.0,12.0,2020-02-03,3.0,0.0,0.0,11.0,11.0,0.0,,
13,13.0,13.0,2020-02-04,0.0,0.0,0.0,11.0,11.0,0.0,,
14,14.0,14.0,2020-02-05,1.0,0.0,0.0,12.0,12.0,0.0,,
15,15.0,15.0,2020-02-06,0.0,0.0,0.0,12.0,12.0,0.0,,
16,16.0,16.0,2020-02-07,0.0,0.0,0.0,12.0,12.0,0.0,,
17,17.0,17.0,2020-02-08,0.0,0.0,0.0,12.0,12.0,0.0,,
18,18.0,18.0,2020-02-09,0.0,0.0,3.0,12.0,9.0,-3.0,,
19,19.0,19.0,2020-02-10,0.0,0.0,0.0,12.0,9.0,-3.0,,
20,20.0,20.0,2020-02-11,1.0,0.0,0.0,13.0,10.0,-3.0,,
21,21.0,21.0,2020-02-12,0.0,0.0,0.0,13.0,10.0,-3.0,,
22,22.0,22.0,2020-02-13,2.0,0.0,0.0,15.0,12.0,-3.0,,
23,23.0,23.0,2020-02-14,0.0,0.0,0.0,15.0,12.0,-3.0,,
24,24.0,24.0,2020-02-15,0.0,0.0,0.0,15.0,12.0,-3.0,,
25,25.0,25.0,2020-02-16,0.0,0.0,0.0,15.0,12.0,-3.0,,
26,26.0,26.0,2020-02-17,0.0,0.0,0.0,15.0,12.0,-3.0,,
27,27.0,27.0,2020-02-18,0.0,0.0,0.0,15.0,12.0,-3.0,,
28,28.0,28.0,2020-02-19,0.0,0.0,0.0,15.0,12.0,-3.0,,
29,29.0,29.0,2020-02-20,0.0,0.0,0.0,15.0,12.0,-3.0,,
30,30.0,30.0,2020-02-21,20.0,0.0,2.0,35.0,30.0,-5.0,,
31,31.0,31.0,2020-02-22,0.0,0.0,0.0,35.0,30.0,-5.0,,
32,32.0,32.0,2020-02-23,0.0,0.0,0.0,35.0,30.0,-5.0,,
33,33.0,33.0,2020-02-24,18.0,0.0,0.0,53.0,48.0,-5.0,,
34,34.0,34.0,2020-02-25,0.0,0.0,1.0,53.0,47.0,-6.0,,
35,35.0,35.0,2020-02-26,6.0,0.0,0.0,59.0,53.0,-6.0,,
36,36.0,36.0,2020-02-27,1.0,0.0,0.0,60.0,54.0,-6.0,,
37,37.0,37.0,2020-02-28,2.0,0.0,1.0,62.0,55.0,-7.0,,
38,38.0,38.0,2020-02-29,8.0,1.0,0.0,70.0,62.0,-8.0,,
39,39.0,39.0,2020-03-01,6.0,0.0,0.0,76.0,68.0,-8.0,,
40,40.0,40.0,2020-03-02,25.0,5.0,0.0,101.0,88.0,-13.0,,
41,41.0,41.0,2020-03-03,21.0,1.0,1.0,122.0,107.0,-15.0,,
42,42.0,42.0,2020-03-04,31.0,4.0,0.0,153.0,134.0,-19.0,,
43,43.0,43.0,2020-03-05,68.0,1.0,0.0,221.0,201.0,-20.0,,
44,44.0,44.0,2020-03-06,57.0,2.0,0.0,278.0,256.0,-22.0,,
45,45.0,45.0,2020-03-07,139.0,3.0,0.0,417.0,392.0,-25.0,,
46,46.0,46.0,2020-03-08,120.0,4.0,0.0,537.0,508.0,-29.0,,
47,47.0,47.0,2020-03-09,68.0,1.0,0.0,605.0,575.0,-30.0,,
48,48.0,48.0,2020-03-10,354.0,6.0,0.0,959.0,923.0,-36.0,,
49,49.0,49.0,2020-03-11,322.0,8.0,0.0,1281.0,1237.0,-44.0,,
50,50.0,50.0,2020-03-12,382.0,4.0,4.0,1663.0,1611.0,-52.0,,
51,51.0,51.0,2020-03-13,516.0,7.0,0.0,2179.0,2120.0,-59.0,,
52,52.0,52.0,2020-03-14,547.0,7.0,0.0,2726.0,2660.0,-66.0,,
53,53.0,53.0,2020-03-15,773.0,9.0,0.0,3499.0,3424.0,-75.0,,
54,54.0,54.0,2020-03-16,1133.0,22.0,5.0,4632.0,4530.0,-102.0,,
55,55.0,55.0,2020-03-17,1789.0,23.0,0.0,6421.0,6296.0,-125.0,,
56,56.0,56.0,2020-03-18,1365.0,10.0,89.0,7786.0,7562.0,-224.0,,
57,57.0,57.0,2020-03-19,5894.0,82.0,2.0,13680.0,13372.0,-308.0,,
58,58.0,58.0,2020-03-20,5421.0,44.0,39.0,19101.0,18710.0,-391.0,,
59,59.0,59.0,2020-03-21,6413.0,63.0,24.0,25514.0,25036.0,-478.0,,
60,60.0,60.0,2020-03-22,8334.0,120.0,-171.0,33848.0,33421.0,-427.0,,
61,61.0,61.0,2020-03-23,9815.0,125.0,0.0,43663.0,43111.0,-552.0,,
62,62.0,62.0,2020-03-24,10073.0,154.0,348.0,53736.0,52682.0,-1054.0,,
63,63.0,63.0,2020-03-25,12042.0,236.0,13.0,65778.0,64475.0,-1303.0,,
64,64.0,64.0,2020-03-26,18058.0,267.0,320.0,83836.0,81946.0,-1890.0,,
65,65.0,65.0,2020-03-27,17821.0,372.0,188.0,101657.0,99207.0,-2450.0,,
66,66.0,66.0,2020-03-28,19808.0,445.0,203.0,121465.0,118367.0,-3098.0,,
67,67.0,67.0,2020-03-29,19444.0,441.0,1593.0,140909.0,135777.0,-5132.0,,
68,68.0,68.0,2020-03-30,20922.0,511.0,2979.0,161831.0,153209.0,-8622.0,,
69,69.0,69.0,2020-03-31,26341.0,895.0,1380.0,188172.0,177275.0,-10897.0,,
70,70.0,70.0,2020-04-01,25200.0,884.0,1450.0,213372.0,200141.0,-13231.0,,
71,71.0,71.0,2020-04-02,30227.0,1169.0,527.0,243599.0,228672.0,-14927.0,,
72,72.0,72.0,2020-04-03,31987.0,1161.0,706.0,275586.0,258792.0,-16794.0,,
73,73.0,73.0,2020-04-04,33267.0,1320.0,4945.0,308853.0,285794.0,-23059.0,,
74,74.0,74.0,2020-04-05,28219.0,1212.0,2796.0,337072.0,310005.0,-27067.0,,
75,75.0,75.0,2020-04-06,29595.0,1164.0,2133.0,366667.0,336303.0,-30364.0,,
76,76.0,76.0,2020-04-07,29556.0,1939.0,2182.0,396223.0,361738.0,-34485.0,,
77,77.0,77.0,2020-04-08,32829.0,1973.0,1796.0,429052.0,390798.0,-38254.0,,
78,78.0,78.0,2020-04-09,32385.0,1783.0,1851.0,461437.0,419549.0,-41888.0,,
79,79.0,79.0,2020-04-10,35098.0,2108.0,3380.0,496535.0,449159.0,-47376.0,,
80,80.0,80.0,2020-04-11,29861.0,1876.0,2480.0,526396.0,474664.0,-51732.0,,
81,81.0,81.0,2020-04-12,28917.0,1557.0,1718.0,555313.0,500306.0,-55007.0,,
82,82.0,82.0,2020-04-13,25306.0,1509.0,10494.0,580619.0,513609.0,-67010.0,,
83,83.0,83.0,2020-04-14,27051.0,2303.0,4281.0,607670.0,534076.0,-73594.0,,
84,84.0,84.0,2020-04-15,28680.0,2494.0,4333.0,636350.0,555929.0,-80421.0,,
85,85.0,85.0,2020-04-16,31451.0,4591.0,2607.0,667801.0,580182.0,-87619.0,,
86,86.0,86.0,2020-04-17,31905.0,3857.0,3842.0,699706.0,604388.0,-95318.0,,
87,87.0,87.0,2020-04-18,32491.0,1891.0,6295.0,732197.0,628693.0,-103504.0,,
88,88.0,88.0,2020-04-19,26889.0,1997.0,5497.0,759086.0,648088.0,-110998.0,,
89,89.0,89.0,2020-04-20,25240.0,1433.0,1992.0,784326.0,669903.0,-114423.0,,
90,90.0,90.0,2020-04-21,27539.0,2350.0,2875.0,811865.0,692217.0,-119648.0,,
91,91.0,91.0,2020-04-22,28355.0,2178.0,2162.0,840220.0,716232.0,-123988.0,,
92,92.0,92.0,2020-04-23,28950.0,3332.0,2837.0,869170.0,739013.0,-130157.0,,
93,93.0,93.0,2020-04-24,36163.0,1995.0,18876.0,905333.0,754305.0,-151028.0,,
94,94.0,94.0,2020-04-25,32821.0,1806.0,1293.0,938154.0,784027.0,-154127.0,,
95,95.0,95.0,2020-04-26,27629.0,1126.0,6616.0,965783.0,803914.0,-161869.0,,
96,96.0,96.0,2020-04-27,22414.0,1378.0,4436.0,988197.0,820514.0,-167683.0,,
97,97.0,97.0,2020-04-28,24385.0,2096.0,4512.0,1012582.0,838291.0,-174291.0,,
98,98.0,98.0,2020-04-29,27327.0,2612.0,4784.0,1039909.0,858222.0,-181687.0,1036165.0687335241,
99,99.0,99.0,2020-04-30,29515.0,2029.0,33227.0,1069424.0,852481.0,-216943.0,1061046.3727031155,
100,100.0,100.0,2020-05-01,34037.0,1947.0,10068.0,1103461.0,874503.0,-228958.0,1084889.2174460476,
101,101.0,101.0,2020-05-02,29078.0,1426.0,11367.0,1132539.0,890788.0,-241751.0,1109994.8351487506,
102,102.0,102.0,2020-05-03,25501.0,1313.0,4770.0,1158040.0,910206.0,-247834.0,1134096.9177164626,
103,103.0,103.0,2020-05-04,22335.0,1240.0,7028.0,1180375.0,924273.0,-256102.0,1159427.3791692764,
104,,,2020-05-05,,,,,,,1183788.1775884433,
105,,,2020-05-06,,,,,,,1209343.996843092,
106,,,2020-05-07,,,,,,,1233963.004863371,
107,,,2020-05-08,,,,,,,1259744.6804872116,
108,,,2020-05-09,,,,,,,1284621.4071076321,
109,,,2020-05-10,,,,,,,1310629.4226500785,
110,,,2020-05-11,,,,,,,1335763.3916596973,
111,,,2020-05-12,,,,,,,1361998.2161045927,
112,,,2020-05-13,,,,,,,1387388.9656369854,
113,,,2020-05-14,,,,,,,1413851.0538413508,
114,,,2020-05-15,,,,,,,1439498.1359425238,
115,,,2020-05-16,,,,,,,1466187.929062087,
116,,,2020-05-17,,,,,,,1492090.9092714055,
117,,,2020-05-18,,,,,,,1519008.8351733156,
118,,,2020-05-19,,,,,,,1545167.2921170522,
119,,,2020-05-20,,,,,,,1572313.7657801604,
120,,,2020-05-21,,,,,,,1598727.29077729,
121,,,2020-05-22,,,,,,,1626102.7146803732,
122,,,2020-05-23,,,,,,,1652770.9113602403,
123,,,2020-05-24,,,,,,,1680375.675858531,
124,,,2020-05-25,,,,,,,1707298.1597900346,
125,,,2020-05-26,,,,,,,1735132.643480408,
126,,,2020-05-27,,,,,,,1762309.0418123559,
127,,,2020-05-28,,,,,,,1790373.6118875185,
128,,,2020-05-29,,,,,,,1817803.5629998154,
129,,,2020-05-30,,,,,,,1846098.5755918238,
130,,,2020-05-31,,,,,,,1873781.7287571656,
131,,,2020-06-01,,,,,,,1902307.5292705956,
132,,,2020-06-02,,,,,,,1930243.5443263543,
133,,,2020-06-03,,,,,,,1959000.467761438,
134,,,2020-06-04,,,,,,,1987189.0147914314,
135,,,2020-06-05,,,,,,,2016177.3860574586,
136,,,2020-06-06,,,,,,,2044618.1450833038,
137,,,2020-06-07,,,,,,,2073838.2793025828,
138,,,2020-06-08,,,,,,,2102530.939984349,
139,,,2020-06-09,,,,,,,2131983.1427870127,
140,,,2020-06-10,,,,,,,2160927.4041328887,
141,,,2020-06-11,,,,,,,2190611.9719428183,
142,,,2020-06-12,,,,,,,2219807.542027527,
143,,,2020-06-13,,,,,,,2249724.7623396665,
144,,,2020-06-14,,,,,,,2279171.358031362,
145,,,2020-06-15,,,,,,,2309321.509680676,
146,,,2020-06-16,,,,,,,2339018.856376064,
147,,,2020-06-17,,,,,,,2369402.209798396,
148,,,2020-06-18,,,,,,,2399350.0411658385,
149,,,2020-06-19,,,,,,,2429966.8586509107,
150,,,2020-06-20,,,,,,,2460164.916381261,
151,,,2020-06-21,,,,,,,2491015.452318052,
152,,,2020-06-22,,,,,,,2521463.4858830036,
153,,,2020-06-23,,,,,,,2552547.986997739,
154,,,2020-06-24,,,,,,,2583245.753415447,
155,,,2020-06-25,,,,,,,2614564.459002416,
156,,,2020-06-26,,,,,,,2645511.7226101835,
157,,,2020-06-27,,,,,,,2677064.864755606,
158,,,2020-06-28,,,,,,,2708261.396989413,
159,,,2020-06-29,,,,,,,2740049.2007885627,
160,,,2020-06-30,,,,,,,2771494.77996924,
161,,,2020-07-01,,,,,,,2803517.4637370254,
162,,,2020-07-02,,,,,,,2835211.8748628665,
163,,,2020-07-03,,,,,,,2867469.6503380733,
164,,,2020-07-04,,,,,,,2899412.684883695,
165,,,2020-07-05,,,,,,,2931905.757427071,
166,,,2020-07-06,,,,,,,2964097.2131483336,
167,,,2020-07-07,,,,,,,2996825.78193471,
168,,,2020-07-08,,,,,,,3029265.4626795105,
169,,,2020-07-09,,,,,,,3062229.7208841355,
170,,,2020-07-10,,,,,,,3094917.436408903,
171,,,2020-07-11,,,,,,,3128117.5713881617,
172,,,2020-07-12,,,,,,,3161053.13717988,
173,,,2020-07-13,,,,,,,3194489.330646572,
174,,,2020-07-14,,,,,,,3227672.567750161,
175,,,2020-07-15,,,,,,,3261344.995943498,
176,,,2020-07-16,,,,,,,3294775.730794398,
177,,,2020-07-17,,,,,,,3328684.5646448783,
178,,,2020-07-18,,,,,,,3362362.6289066765,
179,,,2020-07-19,,,,,,,3396508.0341959978,
180,,,2020-07-20,,,,,,,3430433.2646029415,
181,,,2020-07-21,,,,,,,3464815.402119092,
182,,,2020-07-22,,,,,,,3498987.640323354,
183,,,2020-07-23,,,,,,,3533606.6660110354,
184,,,2020-07-24,,,,,,,3568025.7584345704,
185,,,2020-07-25,,,,,,,3602881.8235410866,
186,,,2020-07-26,,,,,,,3637547.6212319583,
187,,,2020-07-27,,,,,,,3672640.872448713,
188,,,2020-07-28,,,,,,,3707553.230941745,
189,,,2020-07-29,,,,,,,3742883.8105414743,
190,,,2020-07-30,,,,,,,3778042.589723097,
191,,,2020-07-31,,,,,,,3813610.6356929704,
192,,,2020-08-01,,,,,,,3849015.699670144,
193,,,2020-08-02,,,,,,,3884821.345840853,
194,,,2020-08-03,,,,,,,3920472.562813934,
195,,,2020-08-04,,,,,,,3956515.938984898,
196,,,2020-08-05,,,,,,,3992413.181124337,
197,,,2020-08-06,,,,,,,4028694.413185131,
198,,,2020-08-07,,,,,,,4064837.5565118864,
199,,,2020-08-08,,,,,,,4101356.7665600134,
200,,,2020-08-09,,,,,,,4137745.690829564,
201,,,2020-08-10,,,,,,,4174502.9972846843,
202,,,2020-08-11,,,,,,,4211137.585874538,
203,,,2020-08-12,,,,,,,4248133.103589251,
