,Unnamed: 0,day,date,new_confirmed_cases,new_deaths,new_recoveries,cumulative_cases,currently_infected,delta,pred,
0,0.0,0.0,2020-02-19,2.0,2.0,0.0,2.0,0.0,-2.0,,
1,1.0,1.0,2020-02-20,3.0,0.0,0.0,5.0,3.0,-2.0,,
2,2.0,2.0,2020-02-21,13.0,2.0,0.0,18.0,14.0,-4.0,,
3,3.0,3.0,2020-02-22,10.0,1.0,0.0,28.0,23.0,-5.0,,
4,4.0,4.0,2020-02-23,15.0,3.0,0.0,43.0,35.0,-8.0,,
5,5.0,5.0,2020-02-24,18.0,4.0,0.0,61.0,49.0,-12.0,,
6,6.0,6.0,2020-02-25,34.0,4.0,0.0,95.0,79.0,-16.0,,
7,7.0,7.0,2020-02-26,44.0,3.0,49.0,139.0,71.0,-68.0,,
8,8.0,8.0,2020-02-27,106.0,7.0,0.0,245.0,170.0,-75.0,,
9,9.0,9.0,2020-02-28,143.0,8.0,24.0,388.0,281.0,-107.0,,
10,10.0,10.0,2020-02-29,205.0,9.0,50.0,593.0,427.0,-166.0,,
11,11.0,11.0,2020-03-01,385.0,11.0,52.0,978.0,749.0,-229.0,,
12,12.0,12.0,2020-03-02,523.0,12.0,116.0,1501.0,1144.0,-357.0,,
13,13.0,13.0,2020-03-03,835.0,11.0,0.0,2336.0,1968.0,-368.0,,
14,14.0,14.0,2020-03-04,586.0,15.0,261.0,2922.0,2278.0,-644.0,,
15,15.0,15.0,2020-03-05,591.0,15.0,187.0,3513.0,2667.0,-846.0,,
16,16.0,16.0,2020-03-06,1234.0,17.0,174.0,4747.0,3710.0,-1037.0,,
17,17.0,17.0,2020-03-07,1076.0,21.0,756.0,5823.0,4009.0,-1814.0,,
18,18.0,18.0,2020-03-08,743.0,49.0,465.0,6566.0,4238.0,-2328.0,,
19,19.0,19.0,2020-03-09,595.0,43.0,260.0,7161.0,4530.0,-2631.0,,
20,20.0,20.0,2020-03-10,881.0,54.0,337.0,8042.0,5020.0,-3022.0,,
21,21.0,21.0,2020-03-11,958.0,63.0,228.0,9000.0,5687.0,-3313.0,,
22,22.0,22.0,2020-03-12,1075.0,75.0,0.0,10075.0,6687.0,-3388.0,,
23,23.0,23.0,2020-03-13,1289.0,85.0,0.0,11364.0,7891.0,-3473.0,,
24,24.0,24.0,2020-03-14,1365.0,97.0,0.0,12729.0,9159.0,-3570.0,,
25,25.0,25.0,2020-03-15,1209.0,113.0,1631.0,13938.0,8624.0,-5314.0,,
26,26.0,26.0,2020-03-16,1053.0,129.0,0.0,14991.0,9548.0,-5443.0,,
27,27.0,27.0,2020-03-17,1178.0,135.0,799.0,16169.0,9792.0,-6377.0,,
28,28.0,28.0,2020-03-18,1192.0,147.0,0.0,17361.0,10837.0,-6524.0,,
29,29.0,29.0,2020-03-19,1046.0,149.0,321.0,18407.0,11413.0,-6994.0,,
30,30.0,30.0,2020-03-20,1237.0,149.0,1035.0,19644.0,11466.0,-8178.0,,
31,31.0,31.0,2020-03-21,966.0,123.0,890.0,20610.0,11419.0,-9191.0,,
32,32.0,32.0,2020-03-22,1028.0,129.0,0.0,21638.0,12318.0,-9320.0,,
33,33.0,33.0,2020-03-23,1411.0,127.0,741.0,23049.0,12861.0,-10188.0,,
34,34.0,34.0,2020-03-24,1762.0,122.0,537.0,24811.0,13964.0,-10847.0,,
35,35.0,35.0,2020-03-25,2206.0,143.0,712.0,27017.0,15315.0,-11702.0,,
36,36.0,36.0,2020-03-26,2389.0,157.0,832.0,29406.0,16715.0,-12691.0,,
37,37.0,37.0,2020-03-27,2926.0,144.0,676.0,32332.0,18821.0,-13511.0,,
38,38.0,38.0,2020-03-28,3076.0,139.0,546.0,35408.0,21212.0,-14196.0,,
39,39.0,39.0,2020-03-29,2901.0,123.0,712.0,38309.0,23278.0,-15031.0,,
40,40.0,40.0,2020-03-30,3186.0,117.0,1520.0,41495.0,24827.0,-16668.0,,
41,41.0,41.0,2020-03-31,3110.0,141.0,745.0,44605.0,27051.0,-17554.0,,
42,42.0,42.0,2020-04-01,2988.0,138.0,817.0,47593.0,29084.0,-18509.0,,
43,43.0,43.0,2020-04-02,2875.0,124.0,1238.0,50468.0,30597.0,-19871.0,,
44,44.0,44.0,2020-04-03,2715.0,134.0,1224.0,53183.0,31954.0,-21229.0,,
45,45.0,45.0,2020-04-04,2560.0,158.0,1801.0,55743.0,32555.0,-23188.0,,
46,46.0,46.0,2020-04-05,2483.0,151.0,0.0,58226.0,34887.0,-23339.0,,
47,47.0,47.0,2020-04-06,2274.0,136.0,4500.0,60500.0,32525.0,-27975.0,,
48,48.0,48.0,2020-04-07,2089.0,133.0,2803.0,62589.0,31678.0,-30911.0,,
49,49.0,49.0,2020-04-08,1997.0,121.0,2773.0,64586.0,30781.0,-33805.0,,
50,50.0,50.0,2020-04-09,1634.0,117.0,2497.0,66220.0,29801.0,-36419.0,,
51,51.0,51.0,2020-04-10,1972.0,122.0,3156.0,68192.0,28495.0,-39697.0,,
52,52.0,52.0,2020-04-11,1837.0,125.0,6482.0,70029.0,23725.0,-46304.0,,
53,53.0,53.0,2020-04-12,1657.0,117.0,1947.0,71686.0,23318.0,-48368.0,,
54,54.0,54.0,2020-04-13,1617.0,111.0,2089.0,73303.0,22735.0,-50568.0,,
55,55.0,55.0,2020-04-14,1574.0,98.0,2146.0,74877.0,22065.0,-52812.0,,
56,56.0,56.0,2020-04-15,1512.0,94.0,1804.0,76389.0,21679.0,-54710.0,,
57,57.0,57.0,2020-04-16,1606.0,92.0,2296.0,77995.0,20897.0,-57098.0,,
58,58.0,58.0,2020-04-17,1499.0,89.0,1835.0,79494.0,20472.0,-59022.0,,
59,59.0,59.0,2020-04-18,1374.0,73.0,1923.0,80868.0,19850.0,-61018.0,,
60,60.0,60.0,2020-04-19,1343.0,87.0,1036.0,82211.0,20070.0,-62141.0,,
61,61.0,61.0,2020-04-20,1294.0,91.0,2250.0,83505.0,19023.0,-64482.0,,
62,62.0,62.0,2020-04-21,1297.0,88.0,1692.0,84802.0,18540.0,-66262.0,,
63,63.0,63.0,2020-04-22,1194.0,94.0,2148.0,85996.0,17492.0,-68504.0,,
64,64.0,64.0,2020-04-23,1030.0,90.0,1730.0,87026.0,16702.0,-70324.0,,
65,65.0,65.0,2020-04-24,1168.0,93.0,1756.0,88194.0,16021.0,-72173.0,,
66,66.0,66.0,2020-04-25,1134.0,76.0,1594.0,89328.0,15485.0,-73843.0,,
67,67.0,67.0,2020-04-26,1153.0,60.0,1464.0,90481.0,15114.0,-75367.0,,
68,68.0,68.0,2020-04-27,991.0,96.0,1276.0,91472.0,14733.0,-76739.0,,
69,69.0,69.0,2020-04-28,1112.0,71.0,1506.0,92584.0,14268.0,-78316.0,,
70,70.0,70.0,2020-04-29,1073.0,80.0,1352.0,93657.0,13909.0,-79748.0,,
71,71.0,71.0,2020-04-30,983.0,71.0,1312.0,94640.0,13509.0,-81131.0,,
72,72.0,72.0,2020-05-01,1006.0,63.0,1215.0,95646.0,13237.0,-82409.0,95623.0,
73,73.0,73.0,2020-05-02,802.0,65.0,1032.0,96448.0,12942.0,-83506.0,96606.0,
74,74.0,74.0,2020-05-03,976.0,47.0,1072.0,97424.0,12799.0,-84625.0,97589.0,
75,75.0,75.0,2020-05-04,1223.0,74.0,957.0,98647.0,12991.0,-85656.0,98572.0,
76,,,2020-05-05,,,,,,,99555.0,
77,,,2020-05-06,,,,,,,100538.0,
78,,,2020-05-07,,,,,,,101521.0,
79,,,2020-05-08,,,,,,,102504.0,
80,,,2020-05-09,,,,,,,103487.0,
81,,,2020-05-10,,,,,,,104470.0,
82,,,2020-05-11,,,,,,,105453.0,
83,,,2020-05-12,,,,,,,106436.0,
84,,,2020-05-13,,,,,,,107419.0,
85,,,2020-05-14,,,,,,,108402.0,
86,,,2020-05-15,,,,,,,109385.0,
87,,,2020-05-16,,,,,,,110368.0,
88,,,2020-05-17,,,,,,,111351.0,
89,,,2020-05-18,,,,,,,112334.0,
90,,,2020-05-19,,,,,,,113317.0,
91,,,2020-05-20,,,,,,,114300.0,
92,,,2020-05-21,,,,,,,115283.0,
93,,,2020-05-22,,,,,,,116266.0,
94,,,2020-05-23,,,,,,,117249.0,
95,,,2020-05-24,,,,,,,118232.0,
96,,,2020-05-25,,,,,,,119215.0,
97,,,2020-05-26,,,,,,,120198.0,
98,,,2020-05-27,,,,,,,121181.0,
99,,,2020-05-28,,,,,,,122164.0,
100,,,2020-05-29,,,,,,,123147.0,
101,,,2020-05-30,,,,,,,124130.0,
102,,,2020-05-31,,,,,,,125113.0,
103,,,2020-06-01,,,,,,,126096.0,
104,,,2020-06-02,,,,,,,127079.0,
105,,,2020-06-03,,,,,,,128062.0,
106,,,2020-06-04,,,,,,,129045.0,
107,,,2020-06-05,,,,,,,130028.0,
108,,,2020-06-06,,,,,,,131011.0,
109,,,2020-06-07,,,,,,,131994.0,
110,,,2020-06-08,,,,,,,132977.0,
111,,,2020-06-09,,,,,,,133960.0,
112,,,2020-06-10,,,,,,,134943.0,
113,,,2020-06-11,,,,,,,135926.0,
114,,,2020-06-12,,,,,,,136909.0,
115,,,2020-06-13,,,,,,,137892.0,
116,,,2020-06-14,,,,,,,138875.0,
117,,,2020-06-15,,,,,,,139858.0,
118,,,2020-06-16,,,,,,,140841.0,
119,,,2020-06-17,,,,,,,141824.0,
120,,,2020-06-18,,,,,,,142807.0,
121,,,2020-06-19,,,,,,,143790.0,
122,,,2020-06-20,,,,,,,144773.0,
123,,,2020-06-21,,,,,,,145756.0,
124,,,2020-06-22,,,,,,,146739.0,
125,,,2020-06-23,,,,,,,147722.0,
126,,,2020-06-24,,,,,,,148705.0,
127,,,2020-06-25,,,,,,,149688.0,
128,,,2020-06-26,,,,,,,150671.0,
129,,,2020-06-27,,,,,,,151654.0,
130,,,2020-06-28,,,,,,,152637.0,
131,,,2020-06-29,,,,,,,153620.0,
132,,,2020-06-30,,,,,,,154603.0,
133,,,2020-07-01,,,,,,,155586.0,
134,,,2020-07-02,,,,,,,156569.0,
135,,,2020-07-03,,,,,,,157552.0,
136,,,2020-07-04,,,,,,,158535.0,
137,,,2020-07-05,,,,,,,159518.0,
138,,,2020-07-06,,,,,,,160501.0,
139,,,2020-07-07,,,,,,,161484.0,
140,,,2020-07-08,,,,,,,162467.0,
141,,,2020-07-09,,,,,,,163450.0,
142,,,2020-07-10,,,,,,,164433.0,
143,,,2020-07-11,,,,,,,165416.0,
144,,,2020-07-12,,,,,,,166399.0,
145,,,2020-07-13,,,,,,,167382.0,
146,,,2020-07-14,,,,,,,168365.0,
147,,,2020-07-15,,,,,,,169348.0,
148,,,2020-07-16,,,,,,,170331.0,
149,,,2020-07-17,,,,,,,171314.0,
150,,,2020-07-18,,,,,,,172297.0,
151,,,2020-07-19,,,,,,,173280.0,
152,,,2020-07-20,,,,,,,174263.0,
153,,,2020-07-21,,,,,,,175246.0,
154,,,2020-07-22,,,,,,,176229.0,
155,,,2020-07-23,,,,,,,177212.0,
156,,,2020-07-24,,,,,,,178195.0,
157,,,2020-07-25,,,,,,,179178.0,
158,,,2020-07-26,,,,,,,180161.0,
159,,,2020-07-27,,,,,,,181144.0,
160,,,2020-07-28,,,,,,,182127.0,
161,,,2020-07-29,,,,,,,183110.0,
162,,,2020-07-30,,,,,,,184093.0,
163,,,2020-07-31,,,,,,,185076.0,
164,,,2020-08-01,,,,,,,186059.0,
165,,,2020-08-02,,,,,,,187042.0,
166,,,2020-08-03,,,,,,,188025.0,
167,,,2020-08-04,,,,,,,189008.0,
168,,,2020-08-05,,,,,,,189991.0,
169,,,2020-08-06,,,,,,,190974.0,
170,,,2020-08-07,,,,,,,191957.0,
171,,,2020-08-08,,,,,,,192940.0,
172,,,2020-08-09,,,,,,,193923.0,
173,,,2020-08-10,,,,,,,194906.0,
174,,,2020-08-11,,,,,,,195889.0,
175,,,2020-08-12,,,,,,,196872.0,
