,Unnamed: 0,day,date,new_confirmed_cases,new_deaths,new_recoveries,cumulative_cases,currently_infected,delta,pred,
0,0.0,0.0,2020-01-22,555.0,17.0,28.0,555.0,510.0,-45.0,,
1,1.0,1.0,2020-01-23,98.0,1.0,2.0,653.0,605.0,-48.0,,
2,2.0,2.0,2020-01-24,288.0,8.0,6.0,941.0,879.0,-62.0,,
3,3.0,3.0,2020-01-25,497.0,16.0,3.0,1438.0,1357.0,-81.0,,
4,4.0,4.0,2020-01-26,680.0,14.0,13.0,2118.0,2010.0,-108.0,,
5,5.0,5.0,2020-01-27,809.0,26.0,9.0,2927.0,2784.0,-143.0,,
6,6.0,6.0,2020-01-28,2651.0,49.0,46.0,5578.0,5340.0,-238.0,,
7,7.0,7.0,2020-01-29,587.0,2.0,19.0,6165.0,5906.0,-259.0,,
8,8.0,8.0,2020-01-30,2070.0,38.0,17.0,8235.0,7921.0,-314.0,,
9,9.0,9.0,2020-01-31,1690.0,42.0,79.0,9925.0,9490.0,-435.0,,
10,10.0,10.0,2020-02-01,2113.0,46.0,62.0,12038.0,11495.0,-543.0,,
11,11.0,11.0,2020-02-02,4749.0,103.0,188.0,16787.0,15953.0,-834.0,,
12,12.0,12.0,2020-02-03,3094.0,64.0,151.0,19881.0,18832.0,-1049.0,,
13,13.0,13.0,2020-02-04,4011.0,66.0,229.0,23892.0,22548.0,-1344.0,,
14,14.0,14.0,2020-02-05,3744.0,72.0,272.0,27636.0,25948.0,-1688.0,,
15,15.0,15.0,2020-02-06,3182.0,70.0,363.0,30818.0,28697.0,-2121.0,,
16,16.0,16.0,2020-02-07,3574.0,85.0,524.0,34392.0,31662.0,-2730.0,,
17,17.0,17.0,2020-02-08,2729.0,87.0,605.0,37121.0,33699.0,-3422.0,,
18,18.0,18.0,2020-02-09,3030.0,100.0,628.0,40151.0,36001.0,-4150.0,,
19,19.0,19.0,2020-02-10,2612.0,107.0,702.0,42763.0,37804.0,-4959.0,,
20,20.0,20.0,2020-02-11,2040.0,100.0,737.0,44803.0,39007.0,-5796.0,,
21,21.0,21.0,2020-02-12,419.0,5.0,467.0,45222.0,38954.0,-6268.0,,
22,22.0,22.0,2020-02-13,15148.0,253.0,1145.0,60370.0,52704.0,-7666.0,,
23,23.0,23.0,2020-02-14,6517.0,152.0,1763.0,66887.0,57306.0,-9581.0,,
24,24.0,24.0,2020-02-15,2145.0,143.0,1337.0,69032.0,57971.0,-11061.0,,
25,25.0,25.0,2020-02-16,2194.0,104.0,1470.0,71226.0,58591.0,-12635.0,,
26,26.0,26.0,2020-02-17,2034.0,98.0,1718.0,73260.0,58809.0,-14451.0,,
27,27.0,27.0,2020-02-18,1878.0,139.0,1769.0,75138.0,58779.0,-16359.0,,
28,28.0,28.0,2020-02-19,503.0,115.0,1769.0,75641.0,57398.0,-18243.0,,
29,29.0,29.0,2020-02-20,558.0,125.0,2056.0,76199.0,55775.0,-20424.0,,
30,30.0,30.0,2020-02-21,644.0,4.0,713.0,76843.0,55702.0,-21141.0,,
31,31.0,31.0,2020-02-22,1756.0,207.0,3996.0,78599.0,53255.0,-25344.0,,
32,32.0,32.0,2020-02-23,386.0,11.0,508.0,78985.0,53122.0,-25863.0,,
33,33.0,33.0,2020-02-24,585.0,160.0,1833.0,79570.0,51714.0,-27856.0,,
34,34.0,34.0,2020-02-25,845.0,79.0,2678.0,80415.0,49802.0,-30613.0,,
35,35.0,35.0,2020-02-26,982.0,62.0,2479.0,81397.0,48243.0,-33154.0,,
36,36.0,36.0,2020-02-27,1359.0,44.0,2893.0,82756.0,46665.0,-36091.0,,
37,37.0,37.0,2020-02-28,1368.0,58.0,3434.0,84124.0,44541.0,-39583.0,,
38,38.0,38.0,2020-02-29,1889.0,69.0,3071.0,86013.0,43290.0,-42723.0,,
39,39.0,39.0,2020-03-01,2358.0,55.0,2934.0,88371.0,42659.0,-45712.0,,
40,40.0,40.0,2020-03-02,1938.0,89.0,2886.0,90309.0,41622.0,-48687.0,,
41,41.0,41.0,2020-03-03,2535.0,75.0,2627.0,92844.0,41455.0,-51389.0,,
42,42.0,42.0,2020-03-04,2280.0,94.0,2942.0,95124.0,40699.0,-54425.0,,
43,43.0,43.0,2020-03-05,2762.0,94.0,2626.0,97886.0,40741.0,-57145.0,,
44,44.0,44.0,2020-03-06,3914.0,112.0,2069.0,101800.0,42474.0,-59326.0,,
45,45.0,45.0,2020-03-07,4036.0,98.0,2493.0,105836.0,43919.0,-61917.0,,
46,46.0,46.0,2020-03-08,3999.0,245.0,2336.0,109835.0,45337.0,-64498.0,,
47,47.0,47.0,2020-03-09,3747.0,193.0,1817.0,113582.0,47074.0,-66508.0,,
48,48.0,48.0,2020-03-10,5000.0,266.0,1892.0,118582.0,49916.0,-68666.0,,
49,49.0,49.0,2020-03-11,7283.0,353.0,2599.0,125865.0,54247.0,-71618.0,,
50,50.0,50.0,2020-03-12,2478.0,105.0,1321.0,128343.0,55299.0,-73044.0,,
51,51.0,51.0,2020-03-13,16850.0,684.0,1927.0,145193.0,69538.0,-75655.0,,
52,52.0,52.0,2020-03-14,10906.0,415.0,2373.0,156099.0,77656.0,-78443.0,,
53,53.0,53.0,2020-03-15,11348.0,621.0,3410.0,167447.0,84973.0,-82474.0,,
54,54.0,54.0,2020-03-16,14099.0,686.0,2054.0,181546.0,96332.0,-85214.0,,
55,55.0,55.0,2020-03-17,15622.0,779.0,2752.0,197168.0,108423.0,-88745.0,,
56,56.0,56.0,2020-03-18,17747.0,828.0,2473.0,214915.0,122869.0,-92046.0,,
57,57.0,57.0,2020-03-19,27798.0,1134.0,1649.0,242713.0,147884.0,-94829.0,,
58,58.0,58.0,2020-03-20,29454.0,1432.0,2441.0,272167.0,173465.0,-98702.0,,
59,59.0,59.0,2020-03-21,32382.0,1674.0,4273.0,304549.0,199900.0,-104649.0,,
60,60.0,60.0,2020-03-22,32573.0,1650.0,5567.0,337122.0,225256.0,-111866.0,,
61,61.0,61.0,2020-03-23,41161.0,1874.0,3715.0,378283.0,260828.0,-117455.0,,
62,62.0,62.0,2020-03-24,39679.0,2118.0,6741.0,417962.0,291648.0,-126314.0,,
63,63.0,63.0,2020-03-25,49632.0,2566.0,6065.0,467594.0,332649.0,-134945.0,,
64,64.0,64.0,2020-03-26,61997.0,2789.0,8380.0,529591.0,383477.0,-146114.0,,
65,65.0,65.0,2020-03-27,63700.0,3228.0,8765.0,593291.0,435184.0,-158107.0,,
66,66.0,66.0,2020-03-28,67402.0,3454.0,8500.0,660693.0,490632.0,-170061.0,,
67,67.0,67.0,2020-03-29,59447.0,3273.0,9667.0,720140.0,537139.0,-183001.0,,
68,68.0,68.0,2020-03-30,62249.0,3657.0,15484.0,782389.0,580247.0,-202142.0,,
69,69.0,69.0,2020-03-31,75098.0,4525.0,13468.0,857487.0,637352.0,-220135.0,,
70,70.0,70.0,2020-04-01,75118.0,4702.0,15143.0,932605.0,692625.0,-239980.0,,
71,71.0,71.0,2020-04-02,80698.0,6174.0,17092.0,1013303.0,750057.0,-263246.0,,
72,72.0,72.0,2020-04-03,82614.0,5804.0,15533.0,1095917.0,811334.0,-284583.0,,
73,73.0,73.0,2020-04-04,101491.0,5819.0,20356.0,1197408.0,886650.0,-310758.0,,
74,74.0,74.0,2020-04-05,74707.0,4768.0,13860.0,1272115.0,942729.0,-329386.0,,
75,75.0,75.0,2020-04-06,72986.0,5191.0,16503.0,1345101.0,994021.0,-351080.0,,
76,76.0,76.0,2020-04-07,80995.0,7300.0,23539.0,1426096.0,1044177.0,-381919.0,,
77,77.0,77.0,2020-04-08,85008.0,6473.0,28607.0,1511104.0,1094105.0,-416999.0,,
78,78.0,78.0,2020-04-09,84246.0,7117.0,25314.0,1595350.0,1145920.0,-449430.0,,
79,79.0,79.0,2020-04-10,96369.0,7070.0,22121.0,1691719.0,1213098.0,-478621.0,,
80,80.0,80.0,2020-04-11,79795.0,5977.0,26014.0,1771514.0,1260902.0,-510612.0,,
81,81.0,81.0,2020-04-12,75166.0,5587.0,19612.0,1846680.0,1310869.0,-535811.0,,
82,82.0,82.0,2020-04-13,70640.0,5393.0,26933.0,1917320.0,1349183.0,-568137.0,,
83,83.0,83.0,2020-04-14,58872.0,6502.0,25606.0,1976192.0,1375947.0,-600245.0,,
84,84.0,84.0,2020-04-15,79863.0,8193.0,36758.0,2056055.0,1410859.0,-645196.0,,
85,85.0,85.0,2020-04-16,96592.0,9624.0,31088.0,2152647.0,1466739.0,-685908.0,,
86,86.0,86.0,2020-04-17,87544.0,10021.0,26236.0,2240191.0,1518026.0,-722165.0,,
87,87.0,87.0,2020-04-18,77568.0,5688.0,23976.0,2317759.0,1565930.0,-751829.0,,
88,88.0,88.0,2020-04-19,83620.0,5534.0,31584.0,2401379.0,1612432.0,-788947.0,,
89,89.0,89.0,2020-04-20,70880.0,4942.0,21835.0,2472259.0,1656535.0,-815724.0,,
90,90.0,90.0,2020-04-21,76864.0,6597.0,34081.0,2549123.0,1692721.0,-856402.0,,
91,91.0,91.0,2020-04-22,74837.0,6483.0,29875.0,2623960.0,1731200.0,-892760.0,,
92,92.0,92.0,2020-04-23,84925.0,7792.0,28792.0,2708885.0,1779541.0,-929344.0,,
93,93.0,93.0,2020-04-24,101830.0,6293.0,54934.0,2810715.0,1820144.0,-990571.0,,
94,94.0,94.0,2020-04-25,86031.0,5695.0,23265.0,2896746.0,1877215.0,-1019531.0,,
95,95.0,95.0,2020-04-26,74729.0,3698.0,49048.0,2971475.0,1899198.0,-1072277.0,,
96,96.0,96.0,2020-04-27,70289.0,4623.0,28234.0,3041764.0,1936630.0,-1105134.0,,
97,97.0,97.0,2020-04-28,74634.0,5986.0,34691.0,3116398.0,1970587.0,-1145811.0,,
98,98.0,98.0,2020-04-29,77488.0,10485.0,44061.0,3193886.0,1993529.0,-1200357.0,3194538.674256452,
99,99.0,99.0,2020-04-30,62960.0,5750.0,42034.0,3256846.0,2008705.0,-1248141.0,3274307.659365321,
100,100.0,100.0,2020-05-01,86931.0,5262.0,38574.0,3343777.0,2051800.0,-1291977.0,3355487.170923792,
101,101.0,101.0,2020-05-02,83566.0,5158.0,39785.0,3427343.0,2090423.0,-1336920.0,3438077.2089318642,
102,102.0,102.0,2020-05-03,79386.0,3662.0,32124.0,3506729.0,2134023.0,-1372706.0,3522077.7733895383,
103,103.0,103.0,2020-05-04,76326.0,4067.0,37488.0,3583055.0,2168794.0,-1414261.0,3607488.864296813,
104,,,2020-05-05,,,,,,,3694310.48165369,
105,,,2020-05-06,,,,,,,3782542.6254601683,
106,,,2020-05-07,,,,,,,3872185.2957162485,
107,,,2020-05-08,,,,,,,3963238.49242193,
108,,,2020-05-09,,,,,,,4055702.2155772136,
109,,,2020-05-10,,,,,,,4149576.4651820986,
110,,,2020-05-11,,,,,,,4244861.241236585,
111,,,2020-05-12,,,,,,,4341556.543740673,
112,,,2020-05-13,,,,,,,4439662.372694362,
113,,,2020-05-14,,,,,,,4539178.728097653,
114,,,2020-05-15,,,,,,,4640105.609950545,
115,,,2020-05-16,,,,,,,4742443.01825304,
116,,,2020-05-17,,,,,,,4846190.953005135,
117,,,2020-05-18,,,,,,,4951349.414206833,
118,,,2020-05-19,,,,,,,5057918.401858131,
119,,,2020-05-20,,,,,,,5165897.915959032,
120,,,2020-05-21,,,,,,,5275287.956509534,
121,,,2020-05-22,,,,,,,5386088.523509638,
122,,,2020-05-23,,,,,,,5498299.616959344,
123,,,2020-05-24,,,,,,,5611921.236858651,
124,,,2020-05-25,,,,,,,5726953.38320756,
125,,,2020-05-26,,,,,,,5843396.05600607,
126,,,2020-05-27,,,,,,,5961249.255254182,
127,,,2020-05-28,,,,,,,6080512.980951895,
128,,,2020-05-29,,,,,,,6201187.23309921,
129,,,2020-05-30,,,,,,,6323272.011696126,
130,,,2020-05-31,,,,,,,6446767.316742645,
131,,,2020-06-01,,,,,,,6571673.148238764,
132,,,2020-06-02,,,,,,,6697989.506184486,
133,,,2020-06-03,,,,,,,6825716.3905798085,
134,,,2020-06-04,,,,,,,6954853.801424733,
135,,,2020-06-05,,,,,,,7085401.738719259,
136,,,2020-06-06,,,,,,,7217360.2024633875,
137,,,2020-06-07,,,,,,,7350729.192657117,
138,,,2020-06-08,,,,,,,7485508.709300448,
139,,,2020-06-09,,,,,,,7621698.752393381,
140,,,2020-06-10,,,,,,,7759299.321935915,
141,,,2020-06-11,,,,,,,7898310.417928051,
142,,,2020-06-12,,,,,,,8038732.040369789,
143,,,2020-06-13,,,,,,,8180564.189261127,
144,,,2020-06-14,,,,,,,8323806.8646020675,
145,,,2020-06-15,,,,,,,8468460.06639261,
146,,,2020-06-16,,,,,,,8614523.794632755,
147,,,2020-06-17,,,,,,,8761998.0493225,
148,,,2020-06-18,,,,,,,8910882.830461849,
149,,,2020-06-19,,,,,,,9061178.138050798,
150,,,2020-06-20,,,,,,,9212883.97208935,
151,,,2020-06-21,,,,,,,9366000.332577502,
152,,,2020-06-22,,,,,,,9520527.219515257,
153,,,2020-06-23,,,,,,,9676464.632902613,
154,,,2020-06-24,,,,,,,9833812.572739571,
155,,,2020-06-25,,,,,,,9992571.03902613,
156,,,2020-06-26,,,,,,,10152740.03176229,
157,,,2020-06-27,,,,,,,10314319.550948054,
158,,,2020-06-28,,,,,,,10477309.596583419,
159,,,2020-06-29,,,,,,,10641710.168668384,
160,,,2020-06-30,,,,,,,10807521.267202951,
161,,,2020-07-01,,,,,,,10974742.89218712,
162,,,2020-07-02,,,,,,,11143375.04362089,
163,,,2020-07-03,,,,,,,11313417.721504262,
164,,,2020-07-04,,,,,,,11484870.925837236,
165,,,2020-07-05,,,,,,,11657734.656619811,
166,,,2020-07-06,,,,,,,11832008.913851988,
167,,,2020-07-07,,,,,,,12007693.697533766,
168,,,2020-07-08,,,,,,,12184789.007665146,
169,,,2020-07-09,,,,,,,12363294.844246129,
170,,,2020-07-10,,,,,,,12543211.207276711,
171,,,2020-07-11,,,,,,,12724538.096756896,
172,,,2020-07-12,,,,,,,12907275.512686683,
173,,,2020-07-13,,,,,,,13091423.455066072,
174,,,2020-07-14,,,,,,,13276981.923895061,
175,,,2020-07-15,,,,,,,13463950.919173652,
176,,,2020-07-16,,,,,,,13652330.440901846,
177,,,2020-07-17,,,,,,,13842120.48907964,
178,,,2020-07-18,,,,,,,14033321.063707035,
179,,,2020-07-19,,,,,,,14225932.164784033,
180,,,2020-07-20,,,,,,,14419953.792310633,
181,,,2020-07-21,,,,,,,14615385.946286833,
182,,,2020-07-22,,,,,,,14812228.626712635,
183,,,2020-07-23,,,,,,,15010481.83358804,
184,,,2020-07-24,,,,,,,15210145.566913046,
185,,,2020-07-25,,,,,,,15411219.826687653,
186,,,2020-07-26,,,,,,,15613704.612911861,
187,,,2020-07-27,,,,,,,15817599.925585672,
188,,,2020-07-28,,,,,,,16022905.764709085,
189,,,2020-07-29,,,,,,,16229622.130282098,
190,,,2020-07-30,,,,,,,16437749.022304714,
191,,,2020-07-31,,,,,,,16647286.440776931,
192,,,2020-08-01,,,,,,,16858234.38569875,
193,,,2020-08-02,,,,,,,17070592.85707017,
194,,,2020-08-03,,,,,,,17284361.854891192,
195,,,2020-08-04,,,,,,,17499541.379161816,
196,,,2020-08-05,,,,,,,17716131.429882042,
197,,,2020-08-06,,,,,,,17934132.00705187,
198,,,2020-08-07,,,,,,,18153543.110671297,
199,,,2020-08-08,,,,,,,18374364.740740325,
200,,,2020-08-09,,,,,,,18596596.897258956,
201,,,2020-08-10,,,,,,,18820239.58022719,
202,,,2020-08-11,,,,,,,19045292.789645024,
203,,,2020-08-12,,,,,,,19271756.52551246,
