,Unnamed: 0,day,date,new_confirmed_cases,new_deaths,new_recoveries,cumulative_cases,currently_infected,delta,pred,
0,0.0,0.0,2020-01-24,2.0,0.0,0.0,2.0,2.0,0.0,,
1,1.0,1.0,2020-01-25,1.0,0.0,0.0,3.0,3.0,0.0,,
2,2.0,2.0,2020-01-26,0.0,0.0,0.0,3.0,3.0,0.0,,
3,3.0,3.0,2020-01-27,0.0,0.0,0.0,3.0,3.0,0.0,,
4,4.0,4.0,2020-01-28,1.0,0.0,0.0,4.0,4.0,0.0,,
5,5.0,5.0,2020-01-29,1.0,0.0,0.0,5.0,5.0,0.0,,
6,6.0,6.0,2020-01-30,0.0,0.0,0.0,5.0,5.0,0.0,,
7,7.0,7.0,2020-01-31,0.0,0.0,0.0,5.0,5.0,0.0,,
8,8.0,8.0,2020-02-01,1.0,0.0,0.0,6.0,6.0,0.0,,
9,9.0,9.0,2020-02-02,0.0,0.0,0.0,6.0,6.0,0.0,,
10,10.0,10.0,2020-02-03,0.0,0.0,0.0,6.0,6.0,0.0,,
11,11.0,11.0,2020-02-04,0.0,0.0,0.0,6.0,6.0,0.0,,
12,12.0,12.0,2020-02-05,0.0,0.0,0.0,6.0,6.0,0.0,,
13,13.0,13.0,2020-02-06,0.0,0.0,0.0,6.0,6.0,0.0,,
14,14.0,14.0,2020-02-07,0.0,0.0,0.0,6.0,6.0,0.0,,
15,15.0,15.0,2020-02-08,5.0,0.0,0.0,11.0,11.0,0.0,,
16,16.0,16.0,2020-02-09,0.0,0.0,0.0,11.0,11.0,0.0,,
17,17.0,17.0,2020-02-10,0.0,0.0,0.0,11.0,11.0,0.0,,
18,18.0,18.0,2020-02-11,0.0,0.0,0.0,11.0,11.0,0.0,,
19,19.0,19.0,2020-02-12,0.0,0.0,2.0,11.0,9.0,-2.0,,
20,20.0,20.0,2020-02-13,0.0,0.0,0.0,11.0,9.0,-2.0,,
21,21.0,21.0,2020-02-14,0.0,0.0,0.0,11.0,9.0,-2.0,,
22,22.0,22.0,2020-02-15,1.0,1.0,2.0,12.0,7.0,-5.0,,
23,23.0,23.0,2020-02-16,0.0,0.0,0.0,12.0,7.0,-5.0,,
24,24.0,24.0,2020-02-17,0.0,0.0,0.0,12.0,7.0,-5.0,,
25,25.0,25.0,2020-02-18,0.0,0.0,0.0,12.0,7.0,-5.0,,
26,26.0,26.0,2020-02-19,0.0,0.0,0.0,12.0,7.0,-5.0,,
27,27.0,27.0,2020-02-20,0.0,0.0,0.0,12.0,7.0,-5.0,,
28,28.0,28.0,2020-02-21,0.0,0.0,0.0,12.0,7.0,-5.0,,
29,29.0,29.0,2020-02-22,0.0,0.0,0.0,12.0,7.0,-5.0,,
30,30.0,30.0,2020-02-23,0.0,0.0,0.0,12.0,7.0,-5.0,,
31,31.0,31.0,2020-02-24,0.0,0.0,0.0,12.0,7.0,-5.0,,
32,32.0,32.0,2020-02-25,2.0,0.0,7.0,14.0,2.0,-12.0,,
33,33.0,33.0,2020-02-26,4.0,1.0,0.0,18.0,5.0,-13.0,,
34,34.0,34.0,2020-02-27,20.0,0.0,0.0,38.0,25.0,-13.0,,
35,35.0,35.0,2020-02-28,19.0,0.0,0.0,57.0,44.0,-13.0,,
36,36.0,36.0,2020-02-29,43.0,0.0,1.0,100.0,86.0,-14.0,,
37,37.0,37.0,2020-03-01,30.0,0.0,0.0,130.0,116.0,-14.0,,
38,38.0,38.0,2020-03-02,61.0,1.0,0.0,191.0,176.0,-15.0,,
39,39.0,39.0,2020-03-03,13.0,1.0,0.0,204.0,188.0,-16.0,,
40,40.0,40.0,2020-03-04,81.0,0.0,0.0,285.0,269.0,-16.0,,
41,41.0,41.0,2020-03-05,92.0,2.0,0.0,377.0,359.0,-18.0,,
42,42.0,42.0,2020-03-06,276.0,3.0,0.0,653.0,632.0,-21.0,,
43,43.0,43.0,2020-03-07,296.0,2.0,0.0,949.0,926.0,-23.0,,
44,44.0,44.0,2020-03-08,177.0,8.0,0.0,1126.0,1095.0,-31.0,,
45,45.0,45.0,2020-03-09,83.0,0.0,0.0,1209.0,1178.0,-31.0,,
46,46.0,46.0,2020-03-10,575.0,14.0,0.0,1784.0,1739.0,-45.0,,
47,47.0,47.0,2020-03-11,500.0,15.0,0.0,2284.0,2224.0,-60.0,,
48,48.0,48.0,2020-03-12,0.0,0.0,0.0,2284.0,2224.0,-60.0,,
49,49.0,49.0,2020-03-13,1383.0,31.0,0.0,3667.0,3576.0,-91.0,,
50,50.0,50.0,2020-03-14,813.0,12.0,0.0,4480.0,4377.0,-103.0,,
51,51.0,51.0,2020-03-15,33.0,0.0,0.0,4513.0,4410.0,-103.0,,
52,52.0,52.0,2020-03-16,2137.0,57.0,0.0,6650.0,6490.0,-160.0,,
53,53.0,53.0,2020-03-17,1033.0,0.0,0.0,7683.0,7523.0,-160.0,,
54,54.0,54.0,2020-03-18,1369.0,0.0,0.0,9052.0,8892.0,-160.0,,
55,55.0,55.0,2020-03-19,1834.0,95.0,0.0,10886.0,10631.0,-255.0,,
56,56.0,56.0,2020-03-20,1746.0,207.0,0.0,12632.0,12170.0,-462.0,,
57,57.0,57.0,2020-03-21,1676.0,112.0,0.0,14308.0,13734.0,-574.0,,
58,58.0,58.0,2020-03-22,1906.0,114.0,2189.0,16214.0,13337.0,-2877.0,,
59,59.0,59.0,2020-03-23,3909.0,186.0,6.0,20123.0,17054.0,-3069.0,,
60,60.0,60.0,2020-03-24,2499.0,240.0,1081.0,22622.0,18232.0,-4390.0,,
61,61.0,61.0,2020-03-25,2978.0,231.0,619.0,25600.0,20360.0,-5240.0,,
62,62.0,62.0,2020-03-26,3951.0,365.0,1048.0,29551.0,22898.0,-6653.0,,
63,63.0,63.0,2020-03-27,3851.0,299.0,752.0,33402.0,25698.0,-7704.0,,
64,64.0,64.0,2020-03-28,4703.0,320.0,17.0,38105.0,30064.0,-8041.0,,
65,65.0,65.0,2020-03-29,2603.0,294.0,1502.0,40708.0,30871.0,-9837.0,,
66,66.0,66.0,2020-03-30,4462.0,419.0,738.0,45170.0,34176.0,-10994.0,,
67,67.0,67.0,2020-03-31,7657.0,502.0,1549.0,52827.0,39782.0,-13045.0,,
68,68.0,68.0,2020-04-01,4922.0,511.0,1540.0,57749.0,42653.0,-15096.0,,
69,69.0,69.0,2020-04-02,2180.0,1355.0,1495.0,59929.0,41983.0,-17946.0,,
70,70.0,70.0,2020-04-03,5273.0,1122.0,1587.0,65202.0,44547.0,-20655.0,,
71,71.0,71.0,2020-04-04,25646.0,1054.0,1437.0,90848.0,67702.0,-23146.0,,
72,72.0,72.0,2020-04-05,2925.0,519.0,777.0,93773.0,69331.0,-24442.0,,
73,73.0,73.0,2020-04-06,5190.0,833.0,1079.0,98963.0,72609.0,-26354.0,,
74,74.0,74.0,2020-04-07,11102.0,1417.0,2095.0,110065.0,80199.0,-29866.0,,
75,75.0,75.0,2020-04-08,3894.0,544.0,1929.0,113959.0,81620.0,-32339.0,,
76,76.0,76.0,2020-04-09,4822.0,1341.0,1961.0,118781.0,83140.0,-35641.0,,
77,77.0,77.0,2020-04-10,7150.0,987.0,1782.0,125931.0,87521.0,-38410.0,,
78,78.0,78.0,2020-04-11,4796.0,636.0,1468.0,130727.0,90213.0,-40514.0,,
79,79.0,79.0,2020-04-12,2943.0,561.0,806.0,133670.0,91789.0,-41881.0,,
80,80.0,80.0,2020-04-13,4205.0,574.0,532.0,137875.0,94888.0,-42987.0,,
81,81.0,81.0,2020-04-14,-6514.0,762.0,1097.0,131361.0,86515.0,-44846.0,,
82,82.0,82.0,2020-04-15,3221.0,1440.0,2372.0,134582.0,85924.0,-48658.0,,
83,83.0,83.0,2020-04-16,12509.0,753.0,1857.0,147091.0,95823.0,-51268.0,,
84,84.0,84.0,2020-04-17,2039.0,762.0,1679.0,149130.0,95421.0,-53709.0,,
85,85.0,85.0,2020-04-18,19.0,642.0,1581.0,149149.0,93217.0,-55932.0,,
86,86.0,86.0,2020-04-19,4948.0,399.0,596.0,154097.0,97170.0,-56927.0,,
87,87.0,87.0,2020-04-20,2383.0,548.0,853.0,156480.0,98152.0,-58328.0,,
88,88.0,88.0,2020-04-21,2817.0,537.0,1783.0,159297.0,98649.0,-60648.0,,
89,89.0,89.0,2020-04-22,-2172.0,544.0,1507.0,157125.0,94426.0,-62699.0,,
90,90.0,90.0,2020-04-23,2335.0,516.0,1436.0,159460.0,94809.0,-64651.0,,
91,91.0,91.0,2020-04-24,492.0,390.0,1509.0,159952.0,93402.0,-66550.0,,
92,92.0,92.0,2020-04-25,1692.0,369.0,1101.0,161644.0,93624.0,-68020.0,,
93,93.0,93.0,2020-04-26,576.0,242.0,309.0,162220.0,93649.0,-68571.0,,
94,94.0,94.0,2020-04-27,3743.0,437.0,612.0,165963.0,96343.0,-69620.0,,
95,95.0,95.0,2020-04-28,3090.0,367.0,1482.0,169053.0,97584.0,-71469.0,,
96,96.0,96.0,2020-04-29,-2510.0,427.0,1343.0,166543.0,93304.0,-73239.0,170338.3111819564,
97,97.0,97.0,2020-04-30,756.0,289.0,1262.0,167299.0,92509.0,-74790.0,172613.50759801304,
98,98.0,98.0,2020-05-01,6.0,218.0,744.0,167305.0,91553.0,-75752.0,175426.4810968032,
99,99.0,99.0,2020-05-02,1213.0,135.0,-461.0,168518.0,93092.0,-75426.0,177691.22836438857,
100,100.0,100.0,2020-05-03,407.0,137.0,222.0,168925.0,93140.0,-75785.0,179983.26915894664,
101,101.0,101.0,2020-05-04,658.0,304.0,591.0,169583.0,92903.0,-76680.0,182586.72453847437,
102,,,2020-05-05,,,,,,,185147.8229433422,
103,,,2020-05-06,,,,,,,187662.32363924582,
104,,,2020-05-07,,,,,,,190288.91062832062,
105,,,2020-05-08,,,,,,,192974.73350970508,
106,,,2020-05-09,,,,,,,195667.50054447312,
107,,,2020-05-10,,,,,,,198408.73626786747,
108,,,2020-05-11,,,,,,,201207.3567883721,
109,,,2020-05-12,,,,,,,204041.83255389315,
110,,,2020-05-13,,,,,,,206915.62732753888,
111,,,2020-05-14,,,,,,,209837.11439671268,
112,,,2020-05-15,,,,,,,212801.8662074587,
113,,,2020-05-16,,,,,,,215807.68874971612,
114,,,2020-05-17,,,,,,,218857.30647531216,
115,,,2020-05-18,,,,,,,221950.7546861937,
116,,,2020-05-19,,,,,,,225086.81041949225,
117,,,2020-05-20,,,,,,,228265.87982441692,
118,,,2020-05-21,,,,,,,231488.3663100167,
119,,,2020-05-22,,,,,,,234753.9502293381,
120,,,2020-05-23,,,,,,,238062.56255768638,
121,,,2020-05-24,,,,,,,241414.3691595927,
122,,,2020-05-25,,,,,,,244809.34349880548,
123,,,2020-05-26,,,,,,,248247.4210158859,
124,,,2020-05-27,,,,,,,251728.63577248846,
125,,,2020-05-28,,,,,,,255253.00471084603,
126,,,2020-05-29,,,,,,,258820.5068495597,
127,,,2020-05-30,,,,,,,262431.1418963908,
128,,,2020-05-31,,,,,,,266084.9192765812,
129,,,2020-06-01,,,,,,,269781.8358689472,
130,,,2020-06-02,,,,,,,273521.88856136706,
131,,,2020-06-03,,,,,,,277305.07981440786,
132,,,2020-06-04,,,,,,,281131.4101624159,
133,,,2020-06-05,,,,,,,285000.8783275665,
134,,,2020-06-06,,,,,,,288913.4845131499,
135,,,2020-06-07,,,,,,,292869.2292169289,
136,,,2020-06-08,,,,,,,296868.11217686447,
137,,,2020-06-09,,,,,,,300910.133262129,
138,,,2020-06-10,,,,,,,304995.292634303,
139,,,2020-06-11,,,,,,,309123.59029579395,
140,,,2020-06-12,,,,,,,313295.02617396275,
141,,,2020-06-13,,,,,,,317509.60029279493,
142,,,2020-06-14,,,,,,,321767.312676299,
143,,,2020-06-15,,,,,,,326068.1633055342,
144,,,2020-06-16,,,,,,,330412.1521763641,
145,,,2020-06-17,,,,,,,334799.279298633,
146,,,2020-06-18,,,,,,,339229.5446707835,
147,,,2020-06-19,,,,,,,343702.9482889779,
148,,,2020-06-20,,,,,,,348219.490155232,
149,,,2020-06-21,,,,,,,352779.1702705562,
150,,,2020-06-22,,,,,,,357381.98863370594,
151,,,2020-06-23,,,,,,,362027.9452446616,
152,,,2020-06-24,,,,,,,366717.04010398296,
153,,,2020-06-25,,,,,,,371449.2732114857,
154,,,2020-06-26,,,,,,,376224.6445669846,
155,,,2020-06-27,,,,,,,381043.15417062555,
156,,,2020-06-28,,,,,,,385904.8020224405,
157,,,2020-06-29,,,,,,,390809.58812235354,
158,,,2020-06-30,,,,,,,395757.5124703767,
159,,,2020-07-01,,,,,,,400748.5750665395,
160,,,2020-07-02,,,,,,,405782.7759108265,
161,,,2020-07-03,,,,,,,410860.1150032299,
162,,,2020-07-04,,,,,,,415980.5923437592,
163,,,2020-07-05,,,,,,,421144.2079324146,
164,,,2020-07-06,,,,,,,426350.9617691918,
165,,,2020-07-07,,,,,,,431600.85385409225,
166,,,2020-07-08,,,,,,,436893.8841871173,
167,,,2020-07-09,,,,,,,442230.0527682659,
168,,,2020-07-10,,,,,,,447609.3595975377,
169,,,2020-07-11,,,,,,,453031.80467493343,
170,,,2020-07-12,,,,,,,458497.3880004529,
171,,,2020-07-13,,,,,,,464006.10957409587,
172,,,2020-07-14,,,,,,,469557.9693958625,
173,,,2020-07-15,,,,,,,475152.96746575285,
174,,,2020-07-16,,,,,,,480791.10378376686,
175,,,2020-07-17,,,,,,,486472.3783499045,
176,,,2020-07-18,,,,,,,492196.7911641658,
177,,,2020-07-19,,,,,,,497964.3422265508,
178,,,2020-07-20,,,,,,,503775.0315370594,
179,,,2020-07-21,,,,,,,509628.85909569165,
180,,,2020-07-22,,,,,,,515525.8249024476,
181,,,2020-07-23,,,,,,,521465.92895732715,
182,,,2020-07-24,,,,,,,527449.1712603305,
183,,,2020-07-25,,,,,,,533475.5518114573,
184,,,2020-07-26,,,,,,,539545.0706107079,
185,,,2020-07-27,,,,,,,545657.7276580821,
186,,,2020-07-28,,,,,,,551813.5229535801,
187,,,2020-07-29,,,,,,,558012.4564972017,
188,,,2020-07-30,,,,,,,564254.528288947,
189,,,2020-07-31,,,,,,,570539.7383288159,
190,,,2020-08-01,,,,,,,576868.0866168084,
191,,,2020-08-02,,,,,,,583239.5731529247,
192,,,2020-08-03,,,,,,,589654.1979371646,
193,,,2020-08-04,,,,,,,596111.9609695281,
194,,,2020-08-05,,,,,,,602612.8622500153,
195,,,2020-08-06,,,,,,,609156.9017786261,
196,,,2020-08-07,,,,,,,615744.0795553606,
197,,,2020-08-08,,,,,,,622374.3955802188,
198,,,2020-08-09,,,,,,,629047.8498532006,
199,,,2020-08-10,,,,,,,635764.442374306,
200,,,2020-08-11,,,,,,,642524.1731435352,
201,,,2020-08-12,,,,,,,649327.042160888,
